id,amountX100,income_update_id,expense_update_id
1,1000000,1,NULL
2,2212000,2,NULL
3,3362000,3,NULL
4,3662000,4,NULL
5,4882000,5,NULL
6,4881914,NULL,1
7,4881899,NULL,2
8,4881834,NULL,3
9,4881819,NULL,4
10,4881733,NULL,5
11,4881718,NULL,6
12,4881653,NULL,7
13,4881638,NULL,8
14,4881552,NULL,9
15,4881537,NULL,10
16,4881472,NULL,11
17,4881457,NULL,12
18,4881371,NULL,13
19,4881356,NULL,14
20,4881291,NULL,15
21,4881276,NULL,16
22,4881190,NULL,17
23,4881175,NULL,18
24,4881110,NULL,19
25,4881095,NULL,20
26,4881052,NULL,21
27,4880872,NULL,22
28,4880732,NULL,23
29,4880512,NULL,24
30,4880472,NULL,25
31,4880449,NULL,26
32,4880369,NULL,27
33,4880329,NULL,28
34,4880289,NULL,29
35,4880239,NULL,30
36,4880229,NULL,31
37,4880186,NULL,32
38,4880176,NULL,33
39,4878976,NULL,34
40,4878890,NULL,35
41,4878875,NULL,36
42,4878810,NULL,37
43,4878795,NULL,38
44,4878709,NULL,39
45,4878694,NULL,40
46,4878629,NULL,41
47,4878614,NULL,42
48,4878528,NULL,43
49,4878513,NULL,44
50,4878448,NULL,45
51,4878433,NULL,46
52,4878347,NULL,47
53,4878332,NULL,48
54,4878267,NULL,49
55,4878252,NULL,50
56,4878166,NULL,51
57,4878151,NULL,52
58,4878086,NULL,53
59,4878071,NULL,54
60,4878028,NULL,55
61,4877333,NULL,56
62,4877233,NULL,57
63,4877147,NULL,58
64,4875848,NULL,59
65,4875758,NULL,60
66,4875598,NULL,61
67,4875528,NULL,62
68,4875378,NULL,63
69,4875348,NULL,64
70,4875288,NULL,65
71,4875263,NULL,66
72,4875208,NULL,67
73,4875198,NULL,68
74,4875158,NULL,69
75,4875072,NULL,70
76,4875057,NULL,71
77,4874992,NULL,72
78,4874977,NULL,73
79,4874891,NULL,74
80,4874876,NULL,75
81,4874811,NULL,76
82,4874796,NULL,77
83,4874710,NULL,78
84,4874695,NULL,79
85,4874630,NULL,80
86,4874615,NULL,81
87,4874529,NULL,82
88,4874514,NULL,83
89,4874449,NULL,84
90,4874434,NULL,85
91,4874348,NULL,86
92,4874333,NULL,87
93,4874268,NULL,88
94,4874253,NULL,89
95,4874210,NULL,90
96,4874020,NULL,91
97,4873900,NULL,92
98,4873720,NULL,93
99,4873710,NULL,94
100,4873680,NULL,95
101,4873670,NULL,96
102,4873630,NULL,97
103,4873550,NULL,98
104,4873510,NULL,99
105,4873460,NULL,100
106,4873417,NULL,101
107,4873407,NULL,102
108,4873307,NULL,103
109,4873221,NULL,104
110,4873206,NULL,105
111,4873141,NULL,106
112,4873126,NULL,107
113,4873040,NULL,108
114,4873025,NULL,109
115,4872960,NULL,110
116,4872945,NULL,111
117,4872859,NULL,112
118,4872844,NULL,113
119,4872779,NULL,114
120,4872764,NULL,115
121,4872678,NULL,116
122,4872663,NULL,117
123,4872598,NULL,118
124,4872583,NULL,119
125,4872497,NULL,120
126,4872482,NULL,121
127,4872417,NULL,122
128,4872402,NULL,123
129,4872359,NULL,124
130,4872279,NULL,125
131,4872204,NULL,126
132,4872044,NULL,127
133,4871904,NULL,128
134,4871884,NULL,129
135,4871839,NULL,130
136,4871796,NULL,131
137,4871636,NULL,132
138,4857261,NULL,133
139,4857136,NULL,134
